 # Input file

start parameters
    nItr = 1000000
    timestep = 0.1


    timeWrite = 500
    trajWrite = 500
    pdbWrite = 500
    restartWrite = 50000
    fromRestart = false
end parameters

start boundaries
    WaterBox = [494,494,494] #nm
    implicitLipid = false
    xBCtype = reflect
    yBCtype = reflect
    zBCtype = reflect
end boundaries

start molecules
     A:100
     B:100
     P:100
     Q:100
end molecules

start reactions
    #### A - B ####
    A(b) + B(a) <-> A(b!1).B(a!1)
    onRate3Dka = 10
    offRatekb = 1
    sigma = 0.500000
    norm1 = [0.000000,0.000000,1.000000]
    norm2 = [0.000000,0.000000,1.000000]
    assocAngles = [2.5833501326204322,2.7327369114509334,-2.2854045610074447,1.3403916712030426,1.1750391819633896

    #### A - P ####
    A(p) + P(a) <-> A(p!1).P(a!1)
    onRate3Dka = 10
    offRatekb = 1
    sigma = 0.500000
    norm1 = [0.000000,0.000000,1.000000]
    norm2 = [0.000000,0.000000,1.000000]
    assocAngles = [1.7383746278888652,1.709281744298263,-1.5325306595075032,-1.6352222181152751,-2.999396542737283

    #### A - Q ####
    A(q) + Q(a) <-> A(q!1).Q(a!1)
    onRate3Dka = 10
    offRatekb = 1
    sigma = 0.800000
    norm1 = [0.000000,0.000000,1.000000]
    norm2 = [0.000000,0.000000,1.000000]
    assocAngles = [1.7452836522190072,2.2534653991266085,-3.040566991620611,2.1555514994251883,0.34108576054682965

    #### B - P ####
    B(p) + P(b) <-> B(p!1).P(b!1)
    onRate3Dka = 10
    offRatekb = 1
    sigma = 0.600000
    norm1 = [0.000000,0.000000,1.000000]
    norm2 = [0.000000,0.000000,1.000000]
    assocAngles = [2.1087702777416992,2.8938786833470216,-1.8325605038678288,-0.4638121389771029,1.8172068599057718

    #### B - Q ####
    B(q) + Q(b) <-> B(q!1).Q(b!1)
    onRate3Dka = 10
    offRatekb = 1
    sigma = 0.500000
    norm1 = [0.000000,0.000000,1.000000]
    norm2 = [0.000000,0.000000,1.000000]
    assocAngles = [2.482513050927195,1.7747925797701911,-1.8729484528369837,-1.624335964463418,-1.870331105047322

end reactions