 # Input file

start parameters
    nItr = 1000000
    timestep = 0.1


    timeWrite = 500
    trajWrite = 500
    pdbWrite = 500
    restartWrite = 50000
    fromRestart = false
end parameters

start boundaries
    WaterBox = [494,494,494] #nm
    implicitLipid = false
    xBCtype = reflect
    yBCtype = reflect
    zBCtype = reflect
end boundaries

start molecules
     A:100
     B:100
     P:100
     Q:100
end molecules

start reactions
    #### A - B ####
    A(b) + B(a) <-> A(b!1).B(a!1)
    onRate3Dka = 10
    offRatekb = 1
    sigma = 5.681062
    norm1 = [0.000000,0.000000,1.000000]
    norm2 = [0.000000,0.000000,1.000000]
    assocAngles = [2.5727741102341555,2.7262620609640944,-2.2804531922575215,1.3420713151184986,1.175039181963395

    #### A - P ####
    A(p) + P(a) <-> A(p!1).P(a!1)
    onRate3Dka = 10
    offRatekb = 1
    sigma = 5.565543
    norm1 = [0.000000,0.000000,1.000000]
    norm2 = [0.000000,0.000000,1.000000]
    assocAngles = [1.7171975069941126,1.6036090871160575,-1.5266419166210488,-1.6486142936808177,-2.9993965427372626

    #### A - Q ####
    A(q) + Q(a) <-> A(q!1).Q(a!1)
    onRate3Dka = 10
    offRatekb = 1
    sigma = 8.153330
    norm1 = [0.000000,0.000000,1.000000]
    norm2 = [0.000000,0.000000,1.000000]
    assocAngles = [1.742052753120299,2.2372370515022117,-3.0400577545336045,2.1266586299650183,0.34108576054681444

    #### B - P ####
    B(p) + P(b) <-> B(p!1).P(b!1)
    onRate3Dka = 10
    offRatekb = 1
    sigma = 5.437412
    norm1 = [0.000000,0.000000,1.000000]
    norm2 = [0.000000,0.000000,1.000000]
    assocAngles = [2.1209003313752453,2.9242744320281777,-1.8272892505544618,-0.4668445521568262,1.817206859905815

    #### B - Q ####
    B(q) + Q(b) <-> B(q!1).Q(b!1)
    onRate3Dka = 10
    offRatekb = 1
    sigma = 4.626085
    norm1 = [0.000000,0.000000,1.000000]
    norm2 = [0.000000,0.000000,1.000000]
    assocAngles = [2.491725905243776,1.854090905356889,-1.8733705534617453,-1.7474711468952535,-1.8703311050473066

end reactions