 # Input file

start parameters
    nItr = 1000000
    timestep = 0.1


    timeWrite = 500
    trajWrite = 500
    pdbWrite = 500
    restartWrite = 50000
    fromRestart = false
end parameters

start boundaries
    WaterBox = [494,494,494] #nm
    implicitLipid = false
    xBCtype = reflect
    yBCtype = reflect
    zBCtype = reflect
end boundaries

start molecules
     A:100
     B:100
     P:100
     Q:100
end molecules

start reactions
    #### A - B ####
    A(b) + B(a) <-> A(b!1).B(a!1)
    onRate3Dka = 10
    offRatekb = 1
    sigma = 0.568106
    norm1 = [0.000000,0.000000,1.000000]
    norm2 = [0.000000,0.000000,1.000000]
    assocAngles = [2.57277411023416,2.72626206096409,-2.2804531922575184,1.3420713151184993,1.1750391819633894

    #### A - P ####
    A(p) + P(a) <-> A(p!1).P(a!1)
    onRate3Dka = 10
    offRatekb = 1
    sigma = 0.556554
    norm1 = [0.000000,0.000000,1.000000]
    norm2 = [0.000000,0.000000,1.000000]
    assocAngles = [1.7171975069941174,1.603609087116056,-1.5266419166210485,-1.6486142936808177,-2.9993965427372813

    #### A - Q ####
    A(q) + Q(a) <-> A(q!1).Q(a!1)
    onRate3Dka = 10
    offRatekb = 1
    sigma = 0.815333
    norm1 = [0.000000,0.000000,1.000000]
    norm2 = [0.000000,0.000000,1.000000]
    assocAngles = [1.7420527531203003,2.237237051502204,-3.0400577545336045,2.126658629964984,0.34108576054683

    #### B - P ####
    B(p) + P(b) <-> B(p!1).P(b!1)
    onRate3Dka = 10
    offRatekb = 1
    sigma = 0.543741
    norm1 = [0.000000,0.000000,1.000000]
    norm2 = [0.000000,0.000000,1.000000]
    assocAngles = [2.120900331375254,2.9242744320281737,-1.8272892505544587,-0.46684455215677656,1.8172068599057634

    #### B - Q ####
    B(q) + Q(b) <-> B(q!1).Q(b!1)
    onRate3Dka = 10
    offRatekb = 1
    sigma = 0.462609
    norm1 = [0.000000,0.000000,1.000000]
    norm2 = [0.000000,0.000000,1.000000]
    assocAngles = [2.4917259052437832,1.8540909053568742,-1.8733705534617455,-1.747471146895223,-1.8703311050473204

end reactions